9809361057665593
5341655794786427 4933638705955474
6254726710721913 9558276917443791
2049608662886761 7700404499306131
982871120280934 2743289455697680
3250222020621696 9084034776101875
8254684073840866 3162738390172794
3318864007587880 2340014303343417
1136876020817170 6954506589674505
1405888366006765 3208245437809119
1349373182701603 1242980380307920
4434054427959799 3304414403318523
1901822031570652 1141460370862506
1817151510594706 1580557512671979
6424974256886253 3823078453047832
2976327507566663 5488445735785850
